CIRCUIT COMB
IN$75$in_3$2560.63$2479.13$0$1$24$1
IN$29$in_5$2333$2556$0$1$16$2
OUT$5$out_0$2688.54$2396.17$1$0$11$
IN$9$in_0$2448.54$2340.17$0$1$12$2
IN$21$in_4$2449.54$2445.17$0$1$15$2
OUT$45$out_1$2496$2581$1$0$18$
IN$37$in_6$2337$2607$0$1$17$2
IN$13$in_1$2448.54$2362.17$0$1$13$2
AND$0$id_0$2508.54$2352.17$2$1$2$3$4$
AND$1$id_1$2512.54$2433.17$2$1$5$6$7$
IN$17$in_2$2448.54$2423.17$0$1$14$2
XOR$53$id_53$2422$2581$2$1$19$20$21$
OUT$64$out_2$2493.54$2294.17$1$0$22$
AND$2$id_2$2616.54$2396.17$3$1$8$9$23$10$
WIRE$71$id_26$115.537$-35.8256$1$1$3$13$
2340 2398 2340 2398 2340 2398.9 2360.6 2398.9 
13 0 0 3 
WIRE$74$id_25$115.537$-35.8256$2$1$2$22$12$
2340 2376 2340 2376 2340 2377.1 2360.6 2377.1 2360.6 2377.1 2360.6 2330 2371 2330 
12 0 0 2 1 0 22 
WIRE$68$id_8$115.537$-35.8256$1$1$11$10$
2533.4 2432 2533.4 2432 2533.4 2432 2566 2432 
10 0 0 11 
WIRE$66$id_28$115.537$-35.8256$1$1$6$15$
2364.6 2479.9 2364.6 2479.9 2364.6 2481 2341 2481 
6 0 0 15 
WIRE$73$id_4$0$0$1$1$9$7$
2584.14 2396.17 2564.54 2396.17 2564.54 2433.17 2544.94 2433.17 
9 0 0 7 
WIRE$69$id_61$-10$12$1$1$19$16$
2350 2544 2375 2544 2375 2558.1 2399.6 2558.1 
16 0 0 19 
WIRE$70$id_62$-10$12$1$1$20$17$
2399.6 2579.9 2378 2579.9 2378 2595 2354 2595 
20 0 0 17 
WIRE$72$id_3$0$0$1$1$8$4$
2540.94 2352.17 2560.54 2352.17 2560.54 2381.64 2584.14 2381.64 
4 0 0 8 
WIRE$67$id_27$115.537$-35.8256$1$1$5$14$
2340 2459 2340 2459 2340 2458.1 2364.6 2458.1 
14 0 0 5 
WIRE$65$id_74$2$-4$1$1$18$21$
2487 2585 2487 2585 2487 2585 2452.4 2585 
18 0 0 21 
WIRE$86$id_86$0$0$1$1$23$24$
2567.63 2479.13 2576.75 2479.13 2576.75 2410.71 2584.14 2410.71 
24 0 0 23 
