CIRCUIT SEQ
DFF$1$id_1$3104.61$1972.12$1$2$6$7$8$9
OUT$5$out_2$3189.61$1879.12$1$0$10$
OUT$6$out_1$3052.61$1876.12$1$0$11$
IN$8$in_0$2885.61$1974.12$0$1$13$clock$01$1
OUT$7$out_0$2920.61$1874.12$1$0$12$
LABEL$19$DFF counter$3084.51$1852.12$0$0$
OUT$32$out_3$3345$1879$1$0$18$
DFF$0$id_0$2973.61$1974.12$1$2$2$3$4$5
DFF$25$id_25$3253$1973$1$2$14$15$16$17
WIRE$36$id_12$-166$-88$1$1$10$7$
3316.01 2035.22 3316.01 2035.22 3316.01 1967.12 3348.61 1967.12 
7 0 0 10 
WIRE$33$id_9$-166$-88$2$1$12$5$13$
3079.61 1962.12 3079.61 1962.12 3058.61 1962.12 3058.61 2062.12 3058.61 2062.12 3058.61 2049.12 3058.61 2062.12 3094.21 2062.12 
12 0 0 13 1 0 0 5 
WIRE$39$id_39$0$-22$1$1$18$15$
3338 1901 3308 1901 3308 1970.1 3298.4 1970.1 
18 0 0 15 
WIRE$35$id_24$-51$-19$2$1$6$17$8$
3110.21 1966.22 3103 1966.22 3103 1924 3223 1924 3223 2016.02 3201.01 2016.02 3223 2016.02 3222.9 2016.02 3258.6 2016.02 3258.6 1992 
6 0 0 0 0 8 1 0 0 17 
WIRE$37$id_11$-166$-88$1$1$11$3$
3211.61 1964.12 3211.61 1964.12 3185.01 1964.12 3185.01 2037.22 
11 0 0 3 
WIRE$38$id_31$-51$-19$1$1$14$16$
3258.6 1967.1 3245 1967.1 3245 1924 3369 1924 3369 2016.9 3349.4 2016.9 
14 0 0 0 0 16 
WIRE$34$id_2$-166$-88$2$1$2$9$4$
3094.21 2037.22 3081.61 2037.22 3081.61 1992.12 3198.61 1992.12 3198.61 2087.02 3185.01 2087.02 3198.61 2087.02 3198.51 2087.02 3225.21 2087.02 3225.21 2060.12 
2 0 0 0 0 4 1 0 0 9 
